pavementBoundaries = [
   40.8638  -77.8363
   40.8638  -77.8363
   40.8638  -77.8363
   40.8638  -77.8363
   40.8638  -77.8363
   40.8638  -77.8363
   40.8638  -77.8362
   40.8638  -77.8362
   40.8638  -77.8362
   40.8638  -77.8362
   40.8638  -77.8362
   40.8638  -77.8362
   40.8639  -77.8362
   40.8639  -77.8361
   40.8639  -77.8361
   40.8639  -77.8361
   40.8639  -77.8361
   40.8639  -77.8360
   40.8639  -77.8360
   40.8639  -77.8360
   40.8639  -77.8360
   40.8639  -77.8360
   40.8638  -77.8359
   40.8638  -77.8359
   40.8638  -77.8359
   40.8638  -77.8359
   40.8638  -77.8359
   40.8637  -77.8359
   40.8637  -77.8359
       NaN       NaN
   40.8637  -77.8358
   40.8637  -77.8358
   40.8637  -77.8358
   40.8637  -77.8358
   40.8638  -77.8358
   40.8638  -77.8358
   40.8638  -77.8358
   40.8638  -77.8358
   40.8638  -77.8358
   40.8639  -77.8358
   40.8639  -77.8359
   40.8639  -77.8359
   40.8639  -77.8359
   40.8639  -77.8360
   40.8639  -77.8360
   40.8639  -77.8360
   40.8639  -77.8360
   40.8639  -77.8361
   40.8639  -77.8361
   40.8639  -77.8361
   40.8639  -77.8362
   40.8639  -77.8362
   40.8639  -77.8362
   40.8639  -77.8362
   40.8639  -77.8362
   40.8639  -77.8362
   40.8639  -77.8362
   40.8639  -77.8362
   40.8639  -77.8362
   40.8640  -77.8361
   40.8640  -77.8361
   40.8640  -77.8361
   40.8640  -77.8361
   40.8640  -77.8361
   40.8640  -77.8361
   40.8640  -77.8361
   40.8640  -77.8361
   40.8640  -77.8360
   40.8640  -77.8360
   40.8640  -77.8360
   40.8640  -77.8360
   40.8640  -77.8360
   40.8640  -77.8359
   40.8640  -77.8359
   40.8640  -77.8359
   40.8640  -77.8359
   40.8640  -77.8358
   40.8640  -77.8358
   40.8640  -77.8358
   40.8639  -77.8358
   40.8639  -77.8357
   40.8639  -77.8357
   40.8639  -77.8356
   40.8639  -77.8356
   40.8639  -77.8356
   40.8638  -77.8356
   40.8638  -77.8356
   40.8638  -77.8356
   40.8638  -77.8356
   40.8638  -77.8356
   40.8638  -77.8356
   40.8638  -77.8356
   40.8638  -77.8355
   40.8637  -77.8355
   40.8637  -77.8355
   40.8637  -77.8354
   40.8637  -77.8354
   40.8637  -77.8354
   40.8636  -77.8354
   40.8636  -77.8354
   40.8636  -77.8354
   40.8636  -77.8354
   40.8636  -77.8354
   40.8636  -77.8354
   40.8636  -77.8354
   40.8636  -77.8353
   40.8635  -77.8353
   40.8635  -77.8353
   40.8635  -77.8353
   40.8634  -77.8353
   40.8634  -77.8352
   40.8634  -77.8352
   40.8634  -77.8352
   40.8633  -77.8352
   40.8633  -77.8352
   40.8633  -77.8352
   40.8632  -77.8352
   40.8632  -77.8351
   40.8632  -77.8351
   40.8632  -77.8351
   40.8631  -77.8351
   40.8631  -77.8351
   40.8631  -77.8351
   40.8631  -77.8351
   40.8631  -77.8351
   40.8631  -77.8351
   40.8631  -77.8351
   40.8630  -77.8351
   40.8630  -77.8351
   40.8630  -77.8351
   40.8630  -77.8351
   40.8630  -77.8351
   40.8630  -77.8351
   40.8630  -77.8351
   40.8630  -77.8351
   40.8629  -77.8351
   40.8629  -77.8352
   40.8629  -77.8352
   40.8629  -77.8352
   40.8628  -77.8352
   40.8628  -77.8352
   40.8628  -77.8352
   40.8628  -77.8352
   40.8627  -77.8352
   40.8627  -77.8352
   40.8626  -77.8352
   40.8626  -77.8352
   40.8625  -77.8352
   40.8625  -77.8352
   40.8625  -77.8352
   40.8624  -77.8352
   40.8624  -77.8352
   40.8624  -77.8352
   40.8623  -77.8352
   40.8623  -77.8352
   40.8623  -77.8352
   40.8623  -77.8352
   40.8623  -77.8352
   40.8623  -77.8353
   40.8623  -77.8353
   40.8623  -77.8353
   40.8622  -77.8354
   40.8622  -77.8355
   40.8622  -77.8355
   40.8622  -77.8356
   40.8622  -77.8356
   40.8622  -77.8357
   40.8622  -77.8357
   40.8622  -77.8357
   40.8622  -77.8358
   40.8622  -77.8358
   40.8622  -77.8359
   40.8622  -77.8359
   40.8622  -77.8360
   40.8622  -77.8360
   40.8622  -77.8361
   40.8622  -77.8361
   40.8622  -77.8361
   40.8622  -77.8361
   40.8622  -77.8362
   40.8622  -77.8362
   40.8622  -77.8362
   40.8622  -77.8362
   40.8622  -77.8362
   40.8622  -77.8363
   40.8623  -77.8363
   40.8623  -77.8363
   40.8623  -77.8363
   40.8623  -77.8363
   40.8623  -77.8363
   40.8623  -77.8363
   40.8623  -77.8363
   40.8623  -77.8363
   40.8624  -77.8364
   40.8624  -77.8364
   40.8624  -77.8364
   40.8624  -77.8364
   40.8625  -77.8363
   40.8625  -77.8363
   40.8625  -77.8363
   40.8626  -77.8363
   40.8626  -77.8362
   40.8627  -77.8362
   40.8628  -77.8362
   40.8628  -77.8361
   40.8629  -77.8361
   40.8629  -77.8361
   40.8629  -77.8360
   40.8629  -77.8360
   40.8629  -77.8360
   40.8629  -77.8360
   40.8629  -77.8360
   40.8630  -77.8360
   40.8630  -77.8359
   40.8631  -77.8359
   40.8631  -77.8359
   40.8632  -77.8358
   40.8633  -77.8358
   40.8633  -77.8358
   40.8633  -77.8358
   40.8633  -77.8358
   40.8633  -77.8358
   40.8633  -77.8358
   40.8633  -77.8358
       NaN       NaN
   40.8635  -77.8362
   40.8635  -77.8363
   40.8635  -77.8363
   40.8635  -77.8363
   40.8635  -77.8363
   40.8636  -77.8363
   40.8636  -77.8363
   40.8636  -77.8363
   40.8636  -77.8363
   40.8636  -77.8363
   40.8637  -77.8363
   40.8637  -77.8363
   40.8637  -77.8363
   40.8637  -77.8363
   40.8637  -77.8363
   40.8637  -77.8363
   40.8638  -77.8363
   40.8638  -77.8363
   40.8638  -77.8363
   40.8638  -77.8363
   40.8638  -77.8363
   40.8638  -77.8363
   40.8638  -77.8363
       NaN       NaN
   40.8630  -77.8366
   40.8631  -77.8366
   40.8632  -77.8365
   40.8634  -77.8365
   40.8635  -77.8364
   40.8635  -77.8364
   40.8636  -77.8364
   40.8636  -77.8363
   40.8637  -77.8364
   40.8637  -77.8364
   40.8638  -77.8365
   40.8638  -77.8365
   40.8639  -77.8366
   40.8639  -77.8367
   40.8639  -77.8367
   40.8639  -77.8367
   40.8639  -77.8368
   40.8639  -77.8368
   40.8637  -77.8369
   40.8636  -77.8371
   40.8635  -77.8371
   40.8634  -77.8372
   40.8633  -77.8372
   40.8632  -77.8373
   40.8631  -77.8373
   40.8631  -77.8372
   40.8630  -77.8372
   40.8630  -77.8372
   40.8630  -77.8372
   40.8630  -77.8371
   40.8630  -77.8371
   40.8629  -77.8371
   40.8629  -77.8370
   40.8629  -77.8370
   40.8629  -77.8370
   40.8629  -77.8368
   40.8628  -77.8367
   40.8628  -77.8367
   40.8628  -77.8366
   40.8628  -77.8366
   40.8628  -77.8366
   40.8627  -77.8366
   40.8627  -77.8365
   40.8627  -77.8365
       NaN       NaN
   40.8627  -77.8364
   40.8626  -77.8365
   40.8626  -77.8365
   40.8626  -77.8365
   40.8626  -77.8365
   40.8626  -77.8364
   40.8626  -77.8364
   40.8626  -77.8364
   40.8626  -77.8363
   40.8626  -77.8363
   40.8627  -77.8362
       NaN       NaN
   40.8638  -77.8343
   40.8638  -77.8344
   40.8638  -77.8345
   40.8638  -77.8345
   40.8638  -77.8346
   40.8638  -77.8347
   40.8638  -77.8347
   40.8638  -77.8348
   40.8637  -77.8348
   40.8637  -77.8348
   40.8637  -77.8348
   40.8637  -77.8347
   40.8637  -77.8347
   40.8637  -77.8347
   40.8637  -77.8347
   40.8637  -77.8347
       NaN       NaN
   40.8636  -77.8347
   40.8636  -77.8348
   40.8636  -77.8348
   40.8636  -77.8349
   40.8637  -77.8348
   40.8638  -77.8349
   40.8638  -77.8349
   40.8638  -77.8350
   40.8638  -77.8351
   40.8638  -77.8352
   40.8638  -77.8353
   40.8638  -77.8353
   40.8638  -77.8354
   40.8638  -77.8354
   40.8638  -77.8354
   40.8637  -77.8354
   40.8637  -77.8354
   40.8637  -77.8354
   40.8637  -77.8354
   40.8637  -77.8353
   40.8635  -77.8352
   40.8635  -77.8352
   40.8633  -77.8350
   40.8633  -77.8351
   40.8632  -77.8351
   40.8631  -77.8350
   40.8631  -77.8350
   40.8631  -77.8350
   40.8631  -77.8349
   40.8632  -77.8348
   40.8632  -77.8347
   40.8632  -77.8346
   40.8632  -77.8345
   40.8632  -77.8344
   40.8632  -77.8343
   40.8632  -77.8342
   40.8631  -77.8340
   40.8631  -77.8340
   40.8631  -77.8339
   40.8631  -77.8339
   40.8631  -77.8338
   40.8631  -77.8338
   40.8637  -77.8328
   40.8639  -77.8323
   40.8641  -77.8320
   40.8642  -77.8319
   40.8643  -77.8317
   40.8644  -77.8315
   40.8644  -77.8314
   40.8645  -77.8314
   40.8645  -77.8313
   40.8645  -77.8313
   40.8645  -77.8313
   40.8645  -77.8313
   40.8645  -77.8312
   40.8646  -77.8312
